555 3
556 4
557 4
558 4
559 4
5510 4
5511 4
5512 4
5513 4
5514 4
5515 4
5516 4
5517 4
5518 4
5519 4
565 4
566 4
567 4
568 4
569 4
5610 4
5611 4
5612 4
5613 4
5614 4
5615 4
5616 4
5617 4
5618 4
5619 4
575 4
576 4
577 4
578 4
579 4
5710 4
5711 4
5712 4
5713 4
5714 4
5715 4
5716 4
5717 4
5718 4
5719 4
585 4
586 4
587 4
588 4
589 4
5810 4
5811 4
5812 4
5813 4
5814 4
5815 4
5816 4
5817 4
5818 4
5819 4
595 4
596 4
597 4
598 4
599 4
5910 4
5911 4
5912 4
5913 4
5914 4
5915 4
5916 4
5917 4
5918 4
5919 4
5105 4
5106 4
5107 4
5108 4
5109 4
51010 4
51011 4
51012 4
51013 4
51014 4
51015 4
51016 4
51017 4
51018 4
51019 4
5115 4
5116 4
5117 4
5118 4
5119 4
51110 4
51111 4
51112 4
51113 4
51114 4
51115 4
51116 4
51117 4
51118 4
51119 4
5125 4
5126 4
5127 4
5128 4
5129 4
51210 4
51211 4
51212 4
51213 4
51214 4
51215 4
51216 4
51217 4
51218 4
51219 4
5135 4
5136 4
5137 4
5138 4
5139 4
51310 4
51311 4
51312 4
51313 4
51314 4
51315 4
51316 4
51317 4
51318 4
51319 4
5145 4
5146 4
5147 4
5148 4
5149 4
51410 4
51411 4
51412 4
51413 4
51414 4
51415 4
51416 4
51417 4
51418 4
51419 4
5155 4
5156 4
5157 4
5158 4
5159 4
51510 4
51511 4
51512 4
51513 4
51514 4
51515 4
51516 4
51517 4
51518 4
51519 4
5165 4
5166 4
5167 4
5168 4
5169 4
51610 4
51611 4
51612 4
51613 4
51614 4
51615 4
51616 4
51617 4
51618 4
51619 4
5175 4
5176 4
5177 4
5178 4
5179 4
51710 4
51711 4
51712 4
51713 4
51714 4
51715 4
51716 4
51717 4
51718 4
51719 4
5185 4
5186 4
5187 4
5188 4
5189 4
51810 4
51811 4
51812 4
51813 4
51814 4
51815 4
51816 4
51817 4
51818 4
51819 4
5195 4
5196 4
5197 4
5198 4
5199 4
51910 4
51911 4
51912 4
51913 4
51914 4
51915 4
51916 4
51917 4
51918 4
51919 4
655 4
656 4
657 4
658 4
659 4
6510 4
6511 4
6512 4
6513 4
6514 4
6515 4
6516 4
6517 4
6518 4
6519 4
665 4
666 3
667 4
668 4
669 4
6610 4
6611 4
6612 4
6613 4
6614 4
6615 4
6616 4
6617 4
6618 4
6619 4
675 4
676 4
677 4
678 4
679 4
6710 4
6711 4
6712 4
6713 4
6714 4
6715 4
6716 4
6717 4
6718 4
6719 4
685 4
686 4
687 4
688 4
689 4
6810 4
6811 4
6812 4
6813 4
6814 4
6815 4
6816 4
6817 4
6818 4
6819 4
695 4
696 4
697 4
698 4
699 4
6910 4
6911 4
6912 4
6913 4
6914 4
6915 4
6916 4
6917 4
6918 4
6919 4
6105 4
6106 4
6107 4
6108 4
6109 4
61010 4
61011 4
61012 4
61013 4
61014 4
61015 4
61016 4
61017 4
61018 4
61019 4
6115 4
6116 4
6117 4
6118 4
6119 4
61110 4
61111 4
61112 4
61113 4
61114 4
61115 4
61116 4
61117 4
61118 4
61119 4
6125 4
6126 4
6127 4
6128 4
6129 4
61210 4
61211 4
61212 4
61213 4
61214 4
61215 4
61216 4
61217 4
61218 4
61219 4
6135 4
6136 4
6137 4
6138 4
6139 4
61310 4
61311 4
61312 4
61313 4
61314 4
61315 4
61316 4
61317 4
61318 4
61319 4
6145 4
6146 4
6147 4
6148 4
6149 4
61410 4
61411 4
61412 4
61413 4
61414 4
61415 4
61416 4
61417 4
61418 4
61419 4
6155 4
6156 4
6157 4
6158 4
6159 4
61510 4
61511 4
61512 4
61513 4
61514 4
61515 4
61516 4
61517 4
61518 4
61519 4
6165 4
6166 4
6167 4
6168 4
6169 4
61610 4
61611 4
61612 4
61613 4
61614 4
61615 4
61616 4
61617 4
61618 4
61619 4
6175 4
6176 4
6177 4
6178 4
6179 4
61710 4
61711 4
61712 4
61713 4
61714 4
61715 4
61716 4
61717 4
61718 4
61719 4
6185 4
6186 4
6187 4
6188 4
6189 4
61810 4
61811 4
61812 4
61813 4
61814 4
61815 4
61816 4
61817 4
61818 4
61819 4
6195 4
6196 4
6197 4
6198 4
6199 4
61910 4
61911 4
61912 4
61913 4
61914 4
61915 4
61916 4
61917 4
61918 4
61919 4
755 4
756 4
757 4
758 4
759 4
7510 4
7511 4
7512 4
7513 4
7514 4
7515 4
7516 4
7517 4
7518 4
7519 4
765 4
766 4
767 4
768 4
769 4
7610 4
7611 4
7612 4
7613 4
7614 4
7615 4
7616 4
7617 4
7618 4
7619 4
775 4
776 4
777 3
778 4
779 4
7710 4
7711 4
7712 4
7713 4
7714 4
7715 4
7716 4
7717 4
7718 4
7719 4
785 4
786 4
787 4
788 4
789 4
7810 4
7811 4
7812 4
7813 4
7814 4
7815 4
7816 4
7817 4
7818 4
7819 4
795 4
796 4
797 4
798 4
799 4
7910 4
7911 4
7912 4
7913 4
7914 4
7915 4
7916 4
7917 4
7918 4
7919 4
7105 4
7106 4
7107 4
7108 4
7109 4
71010 4
71011 4
71012 4
71013 4
71014 4
71015 4
71016 4
71017 4
71018 4
71019 4
7115 4
7116 4
7117 4
7118 4
7119 4
71110 4
71111 4
71112 4
71113 4
71114 4
71115 4
71116 4
71117 4
71118 4
71119 4
7125 4
7126 4
7127 4
7128 4
7129 4
71210 4
71211 4
71212 4
71213 4
71214 4
71215 4
71216 4
71217 4
71218 4
71219 4
7135 4
7136 4
7137 4
7138 4
7139 4
71310 4
71311 4
71312 4
71313 4
71314 4
71315 4
71316 4
71317 4
71318 4
71319 4
7145 4
7146 4
7147 4
7148 4
7149 4
71410 4
71411 4
71412 4
71413 4
71414 4
71415 4
71416 4
71417 4
71418 4
71419 4
7155 4
7156 4
7157 4
7158 4
7159 4
71510 4
71511 4
71512 4
71513 4
71514 4
71515 4
71516 4
71517 4
71518 4
71519 4
7165 4
7166 4
7167 4
7168 4
7169 4
71610 4
71611 4
71612 4
71613 4
71614 4
71615 4
71616 4
71617 4
71618 4
71619 4
7175 4
7176 4
7177 4
7178 4
7179 4
71710 4
71711 4
71712 4
71713 4
71714 4
71715 4
71716 4
71717 4
71718 4
71719 4
7185 4
7186 4
7187 4
7188 4
7189 4
71810 4
71811 4
71812 4
71813 4
71814 4
71815 4
71816 4
71817 4
71818 4
71819 4
7195 4
7196 4
7197 4
7198 4
7199 4
71910 4
71911 4
71912 4
71913 4
71914 4
71915 4
71916 4
71917 4
71918 4
71919 4
855 4
856 4
857 4
858 4
859 4
8510 4
8511 4
8512 4
8513 4
8514 4
8515 4
8516 4
8517 4
8518 4
8519 4
865 4
866 4
867 4
868 4
869 4
8610 4
8611 4
8612 4
8613 4
8614 4
8615 4
8616 4
8617 4
8618 4
8619 4
875 4
876 4
877 4
878 4
879 4
8710 4
8711 4
8712 4
8713 4
8714 4
8715 4
8716 4
8717 4
8718 4
8719 4
885 4
886 4
887 4
888 3
889 4
8810 4
8811 4
8812 4
8813 4
8814 4
8815 4
8816 4
8817 4
8818 4
8819 4
895 4
896 4
897 4
898 4
899 4
8910 4
8911 4
8912 4
8913 4
8914 4
8915 4
8916 4
8917 4
8918 4
8919 4
8105 4
8106 4
8107 4
8108 4
8109 4
81010 4
81011 4
81012 4
81013 4
81014 4
81015 4
81016 4
81017 4
81018 4
81019 4
8115 4
8116 4
8117 4
8118 4
8119 4
81110 4
81111 4
81112 4
81113 4
81114 4
81115 4
81116 4
81117 4
81118 4
81119 4
8125 4
8126 4
8127 4
8128 4
8129 4
81210 4
81211 4
81212 4
81213 4
81214 4
81215 4
81216 4
81217 4
81218 4
81219 4
8135 4
8136 4
8137 4
8138 4
8139 4
81310 4
81311 4
81312 4
81313 4
81314 4
81315 4
81316 4
81317 4
81318 4
81319 4
8145 4
8146 4
8147 4
8148 4
8149 4
81410 4
81411 4
81412 4
81413 4
81414 4
81415 4
81416 4
81417 4
81418 4
81419 4
8155 4
8156 4
8157 4
8158 4
8159 4
81510 4
81511 4
81512 4
81513 4
81514 4
81515 4
81516 4
81517 4
81518 4
81519 4
8165 4
8166 4
8167 4
8168 4
8169 4
81610 4
81611 4
81612 4
81613 4
81614 4
81615 4
81616 4
81617 4
81618 4
81619 4
8175 4
8176 4
8177 4
8178 4
8179 4
81710 4
81711 4
81712 4
81713 4
81714 4
81715 4
81716 4
81717 4
81718 4
81719 4
8185 4
8186 4
8187 4
8188 4
8189 4
81810 4
81811 4
81812 4
81813 4
81814 4
81815 4
81816 4
81817 4
81818 4
81819 4
8195 4
8196 4
8197 4
8198 4
8199 4
81910 4
81911 4
81912 4
81913 4
81914 4
81915 4
81916 4
81917 4
81918 4
81919 4
955 4
956 4
957 4
958 4
959 4
9510 4
9511 4
9512 4
9513 4
9514 4
9515 4
9516 4
9517 4
9518 4
9519 4
965 4
966 4
967 4
968 4
969 4
9610 4
9611 4
9612 4
9613 4
9614 4
9615 4
9616 4
9617 4
9618 4
9619 4
975 4
976 4
977 4
978 4
979 4
9710 4
9711 4
9712 4
9713 4
9714 4
9715 4
9716 4
9717 4
9718 4
9719 4
985 4
986 4
987 4
988 4
989 4
9810 4
9811 4
9812 4
9813 4
9814 4
9815 4
9816 4
9817 4
9818 4
9819 4
995 4
996 4
997 4
998 4
999 3
9910 4
9911 4
9912 4
9913 4
9914 4
9915 4
9916 4
9917 4
9918 4
9919 4
9105 4
9106 4
9107 4
9108 4
9109 4
91010 4
91011 4
91012 4
91013 4
91014 4
91015 4
91016 4
91017 4
91018 4
91019 4
9115 4
9116 4
9117 4
9118 4
9119 4
91110 4
91111 4
91112 4
91113 4
91114 4
91115 4
91116 4
91117 4
91118 4
91119 4
9125 4
9126 4
9127 4
9128 4
9129 4
91210 4
91211 4
91212 4
91213 4
91214 4
91215 4
91216 4
91217 4
91218 4
91219 4
9135 4
9136 4
9137 4
9138 4
9139 4
91310 4
91311 4
91312 4
91313 4
91314 4
91315 4
91316 4
91317 4
91318 4
91319 4
9145 4
9146 4
9147 4
9148 4
9149 4
91410 4
91411 4
91412 4
91413 4
91414 4
91415 4
91416 4
91417 4
91418 4
91419 4
9155 4
9156 4
9157 4
9158 4
9159 4
91510 4
91511 4
91512 4
91513 4
91514 4
91515 4
91516 4
91517 4
91518 4
91519 4
9165 4
9166 4
9167 4
9168 4
9169 4
91610 4
91611 4
91612 4
91613 4
91614 4
91615 4
91616 4
91617 4
91618 4
91619 4
9175 4
9176 4
9177 4
9178 4
9179 4
91710 4
91711 4
91712 4
91713 4
91714 4
91715 4
91716 4
91717 4
91718 4
91719 4
9185 4
9186 4
9187 4
9188 4
9189 4
91810 4
91811 4
91812 4
91813 4
91814 4
91815 4
91816 4
91817 4
91818 4
91819 4
9195 4
9196 4
9197 4
9198 4
9199 4
91910 4
91911 4
91912 4
91913 4
91914 4
91915 4
91916 4
91917 4
91918 4
91919 4
1055 4
1056 4
1057 4
1058 4
1059 4
10510 4
10511 4
10512 4
10513 4
10514 4
10515 4
10516 4
10517 4
10518 4
10519 4
1065 4
1066 4
1067 4
1068 4
1069 4
10610 4
10611 4
10612 4
10613 4
10614 4
10615 4
10616 4
10617 4
10618 4
10619 4
1075 4
1076 4
1077 4
1078 4
1079 4
10710 4
10711 4
10712 4
10713 4
10714 4
10715 4
10716 4
10717 4
10718 4
10719 4
1085 4
1086 4
1087 4
1088 4
1089 4
10810 4
10811 4
10812 4
10813 4
10814 4
10815 4
10816 4
10817 4
10818 4
10819 4
1095 4
1096 4
1097 4
1098 4
1099 4
10910 4
10911 4
10912 4
10913 4
10914 4
10915 4
10916 4
10917 4
10918 4
10919 4
10105 4
10106 4
10107 4
10108 4
10109 4
101010 3
101011 4
101012 4
101013 4
101014 4
101015 4
101016 4
101017 4
101018 4
101019 4
10115 4
10116 4
10117 4
10118 4
10119 4
101110 4
101111 4
101112 4
101113 4
101114 4
101115 4
101116 4
101117 4
101118 4
101119 4
10125 4
10126 4
10127 4
10128 4
10129 4
101210 4
101211 4
101212 4
101213 4
101214 4
101215 4
101216 4
101217 4
101218 4
101219 4
10135 4
10136 4
10137 4
10138 4
10139 4
101310 4
101311 4
101312 4
101313 4
101314 4
101315 4
101316 4
101317 4
101318 4
101319 4
10145 4
10146 4
10147 4
10148 4
10149 4
101410 4
101411 4
101412 4
101413 4
101414 4
101415 4
101416 4
101417 4
101418 4
101419 4
10155 4
10156 4
10157 4
10158 4
10159 4
101510 4
101511 4
101512 4
101513 4
101514 4
101515 4
101516 4
101517 4
101518 4
101519 4
10165 4
10166 4
10167 4
10168 4
10169 4
101610 4
101611 4
101612 4
101613 4
101614 4
101615 4
101616 4
101617 4
101618 4
101619 4
10175 4
10176 4
10177 4
10178 4
10179 4
101710 4
101711 4
101712 4
101713 4
101714 4
101715 4
101716 4
101717 4
101718 4
101719 4
10185 4
10186 4
10187 4
10188 4
10189 4
101810 4
101811 4
101812 4
101813 4
101814 4
101815 4
101816 4
101817 4
101818 4
101819 4
10195 4
10196 4
10197 4
10198 4
10199 4
101910 4
101911 4
101912 4
101913 4
101914 4
101915 4
101916 4
101917 4
101918 4
101919 4
1155 4
1156 4
1157 4
1158 4
1159 4
11510 4
11511 4
11512 4
11513 4
11514 4
11515 4
11516 4
11517 4
11518 4
11519 4
1165 4
1166 4
1167 4
1168 4
1169 4
11610 4
11611 4
11612 4
11613 4
11614 4
11615 4
11616 4
11617 4
11618 4
11619 4
1175 4
1176 4
1177 4
1178 4
1179 4
11710 4
11711 4
11712 4
11713 4
11714 4
11715 4
11716 4
11717 4
11718 4
11719 4
1185 4
1186 4
1187 4
1188 4
1189 4
11810 4
11811 4
11812 4
11813 4
11814 4
11815 4
11816 4
11817 4
11818 4
11819 4
1195 4
1196 4
1197 4
1198 4
1199 4
11910 4
11911 4
11912 4
11913 4
11914 4
11915 4
11916 4
11917 4
11918 4
11919 4
11105 4
11106 4
11107 4
11108 4
11109 4
111010 4
111011 4
111012 4
111013 4
111014 4
111015 4
111016 4
111017 4
111018 4
111019 4
11115 4
11116 4
11117 4
11118 4
11119 4
111110 4
111111 3
111112 4
111113 4
111114 4
111115 4
111116 4
111117 4
111118 4
111119 4
11125 4
11126 4
11127 4
11128 4
11129 4
111210 4
111211 4
111212 4
111213 4
111214 4
111215 4
111216 4
111217 4
111218 4
111219 4
11135 4
11136 4
11137 4
11138 4
11139 4
111310 4
111311 4
111312 4
111313 4
111314 4
111315 4
111316 4
111317 4
111318 4
111319 4
11145 4
11146 4
11147 4
11148 4
11149 4
111410 4
111411 4
111412 4
111413 4
111414 4
111415 4
111416 4
111417 4
111418 4
111419 4
11155 4
11156 4
11157 4
11158 4
11159 4
111510 4
111511 4
111512 4
111513 4
111514 4
111515 4
111516 4
111517 4
111518 4
111519 4
11165 4
11166 4
11167 4
11168 4
11169 4
111610 4
111611 4
111612 4
111613 4
111614 4
111615 4
111616 4
111617 4
111618 4
111619 4
11175 4
11176 4
11177 4
11178 4
11179 4
111710 4
111711 4
111712 4
111713 4
111714 4
111715 4
111716 4
111717 4
111718 4
111719 4
11185 4
11186 4
11187 4
11188 4
11189 4
111810 4
111811 4
111812 4
111813 4
111814 4
111815 4
111816 4
111817 4
111818 4
111819 4
11195 4
11196 4
11197 4
11198 4
11199 4
111910 4
111911 4
111912 4
111913 4
111914 4
111915 4
111916 4
111917 4
111918 4
111919 4
1255 4
1256 4
1257 4
1258 4
1259 4
12510 4
12511 4
12512 4
12513 4
12514 4
12515 4
12516 4
12517 4
12518 4
12519 4
1265 4
1266 4
1267 4
1268 4
1269 4
12610 4
12611 4
12612 4
12613 4
12614 4
12615 4
12616 4
12617 4
12618 4
12619 4
1275 4
1276 4
1277 4
1278 4
1279 4
12710 4
12711 4
12712 4
12713 4
12714 4
12715 4
12716 4
12717 4
12718 4
12719 4
1285 4
1286 4
1287 4
1288 4
1289 4
12810 4
12811 4
12812 4
12813 4
12814 4
12815 4
12816 4
12817 4
12818 4
12819 4
1295 4
1296 4
1297 4
1298 4
1299 4
12910 4
12911 4
12912 4
12913 4
12914 4
12915 4
12916 4
12917 4
12918 4
12919 4
12105 4
12106 4
12107 4
12108 4
12109 4
121010 4
121011 4
121012 4
121013 4
121014 4
121015 4
121016 4
121017 4
121018 4
121019 4
12115 4
12116 4
12117 4
12118 4
12119 4
121110 4
121111 4
121112 4
121113 4
121114 4
121115 4
121116 4
121117 4
121118 4
121119 4
12125 4
12126 4
12127 4
12128 4
12129 4
121210 4
121211 4
121212 3
121213 4
121214 4
121215 4
121216 4
121217 4
121218 4
121219 4
12135 4
12136 4
12137 4
12138 4
12139 4
121310 4
121311 4
121312 4
121313 4
121314 4
121315 4
121316 4
121317 4
121318 4
121319 4
12145 4
12146 4
12147 4
12148 4
12149 4
121410 4
121411 4
121412 4
121413 4
121414 4
121415 4
121416 4
121417 4
121418 4
121419 4
12155 4
12156 4
12157 4
12158 4
12159 4
121510 4
121511 4
121512 4
121513 4
121514 4
121515 4
121516 4
121517 4
121518 4
121519 4
12165 4
12166 4
12167 4
12168 4
12169 4
121610 4
121611 4
121612 4
121613 4
121614 4
121615 4
121616 4
121617 4
121618 4
121619 4
12175 4
12176 4
12177 4
12178 4
12179 4
121710 4
121711 4
121712 4
121713 4
121714 4
121715 4
121716 4
121717 4
121718 4
121719 4
12185 4
12186 4
12187 4
12188 4
12189 4
121810 4
121811 4
121812 4
121813 4
121814 4
121815 4
121816 4
121817 4
121818 4
121819 4
12195 4
12196 4
12197 4
12198 4
12199 4
121910 4
121911 4
121912 4
121913 4
121914 4
121915 4
121916 4
121917 4
121918 4
121919 4
1355 4
1356 4
1357 4
1358 4
1359 4
13510 4
13511 4
13512 4
13513 4
13514 4
13515 4
13516 4
13517 4
13518 4
13519 4
1365 4
1366 4
1367 4
1368 4
1369 4
13610 4
13611 4
13612 4
13613 4
13614 4
13615 4
13616 4
13617 4
13618 4
13619 4
1375 4
1376 4
1377 4
1378 4
1379 4
13710 4
13711 4
13712 4
13713 4
13714 4
13715 4
13716 4
13717 4
13718 4
13719 4
1385 4
1386 4
1387 4
1388 4
1389 4
13810 4
13811 4
13812 4
13813 4
13814 4
13815 4
13816 4
13817 4
13818 4
13819 4
1395 4
1396 4
1397 4
1398 4
1399 4
13910 4
13911 4
13912 4
13913 4
13914 4
13915 4
13916 4
13917 4
13918 4
13919 4
13105 4
13106 4
13107 4
13108 4
13109 4
131010 4
131011 4
131012 4
131013 4
131014 4
131015 4
131016 4
131017 4
131018 4
131019 4
13115 4
13116 4
13117 4
13118 4
13119 4
131110 4
131111 4
131112 4
131113 4
131114 4
131115 4
131116 4
131117 4
131118 4
131119 4
13125 4
13126 4
13127 4
13128 4
13129 4
131210 4
131211 4
131212 4
131213 4
131214 4
131215 4
131216 4
131217 4
131218 4
131219 4
13135 4
13136 4
13137 4
13138 4
13139 4
131310 4
131311 4
131312 4
131313 3
131314 4
131315 4
131316 4
131317 4
131318 4
131319 4
13145 4
13146 4
13147 4
13148 4
13149 4
131410 4
131411 4
131412 4
131413 4
131414 4
131415 4
131416 4
131417 4
131418 4
131419 4
13155 4
13156 4
13157 4
13158 4
13159 4
131510 4
131511 4
131512 4
131513 4
131514 4
131515 4
131516 4
131517 4
131518 4
131519 4
13165 4
13166 4
13167 4
13168 4
13169 4
131610 4
131611 4
131612 4
131613 4
131614 4
131615 4
131616 4
131617 4
131618 4
131619 4
13175 4
13176 4
13177 4
13178 4
13179 4
131710 4
131711 4
131712 4
131713 4
131714 4
131715 4
131716 4
131717 4
131718 4
131719 4
13185 4
13186 4
13187 4
13188 4
13189 4
131810 4
131811 4
131812 4
131813 4
131814 4
131815 4
131816 4
131817 4
131818 4
131819 4
13195 4
13196 4
13197 4
13198 4
13199 4
131910 4
131911 4
131912 4
131913 4
131914 4
131915 4
131916 4
131917 4
131918 4
131919 4
1455 4
1456 4
1457 4
1458 4
1459 4
14510 4
14511 4
14512 4
14513 4
14514 4
14515 4
14516 4
14517 4
14518 4
14519 4
1465 4
1466 4
1467 4
1468 4
1469 4
14610 4
14611 4
14612 4
14613 4
14614 4
14615 4
14616 4
14617 4
14618 4
14619 4
1475 4
1476 4
1477 4
1478 4
1479 4
14710 4
14711 4
14712 4
14713 4
14714 4
14715 4
14716 4
14717 4
14718 4
14719 4
1485 4
1486 4
1487 4
1488 4
1489 4
14810 4
14811 4
14812 4
14813 4
14814 4
14815 4
14816 4
14817 4
14818 4
14819 4
1495 4
1496 4
1497 4
1498 4
1499 4
14910 4
14911 4
14912 4
14913 4
14914 4
14915 4
14916 4
14917 4
14918 4
14919 4
14105 4
14106 4
14107 4
14108 4
14109 4
141010 4
141011 4
141012 4
141013 4
141014 4
141015 4
141016 4
141017 4
141018 4
141019 4
14115 4
14116 4
14117 4
14118 4
14119 4
141110 4
141111 4
141112 4
141113 4
141114 4
141115 4
141116 4
141117 4
141118 4
141119 4
14125 4
14126 4
14127 4
14128 4
14129 4
141210 4
141211 4
141212 4
141213 4
141214 4
141215 4
141216 4
141217 4
141218 4
141219 4
14135 4
14136 4
14137 4
14138 4
14139 4
141310 4
141311 4
141312 4
141313 4
141314 4
141315 4
141316 4
141317 4
141318 4
141319 4
14145 4
14146 4
14147 4
14148 4
14149 4
141410 4
141411 4
141412 4
141413 4
141414 3
141415 4
141416 4
141417 4
141418 4
141419 4
14155 4
14156 4
14157 4
14158 4
14159 4
141510 4
141511 4
141512 4
141513 4
141514 4
141515 4
141516 4
141517 4
141518 4
141519 4
14165 4
14166 4
14167 4
14168 4
14169 4
141610 4
141611 4
141612 4
141613 4
141614 4
141615 4
141616 4
141617 4
141618 4
141619 4
14175 4
14176 4
14177 4
14178 4
14179 4
141710 4
141711 4
141712 4
141713 4
141714 4
141715 4
141716 4
141717 4
141718 4
141719 4
14185 4
14186 4
14187 4
14188 4
14189 4
141810 4
141811 4
141812 4
141813 4
141814 4
141815 4
141816 4
141817 4
141818 4
141819 4
14195 4
14196 4
14197 4
14198 4
14199 4
141910 4
141911 4
141912 4
141913 4
141914 4
141915 4
141916 4
141917 4
141918 4
141919 4
1555 4
1556 4
1557 4
1558 4
1559 4
15510 4
15511 4
15512 4
15513 4
15514 4
15515 4
15516 4
15517 4
15518 4
15519 4
1565 4
1566 4
1567 4
1568 4
1569 4
15610 4
15611 4
15612 4
15613 4
15614 4
15615 4
15616 4
15617 4
15618 4
15619 4
1575 4
1576 4
1577 4
1578 4
1579 4
15710 4
15711 4
15712 4
15713 4
15714 4
15715 4
15716 4
15717 4
15718 4
15719 4
1585 4
1586 4
1587 4
1588 4
1589 4
15810 4
15811 4
15812 4
15813 4
15814 4
15815 4
15816 4
15817 4
15818 4
15819 4
1595 4
1596 4
1597 4
1598 4
1599 4
15910 4
15911 4
15912 4
15913 4
15914 4
15915 4
15916 4
15917 4
15918 4
15919 4
15105 4
15106 4
15107 4
15108 4
15109 4
151010 4
151011 4
151012 4
151013 4
151014 4
151015 4
151016 4
151017 4
151018 4
151019 4
15115 4
15116 4
15117 4
15118 4
15119 4
151110 4
151111 4
151112 4
151113 4
151114 4
151115 4
151116 4
151117 4
151118 4
151119 4
15125 4
15126 4
15127 4
15128 4
15129 4
151210 4
151211 4
151212 4
151213 4
151214 4
151215 4
151216 4
151217 4
151218 4
151219 4
15135 4
15136 4
15137 4
15138 4
15139 4
151310 4
151311 4
151312 4
151313 4
151314 4
151315 4
151316 4
151317 4
151318 4
151319 4
15145 4
15146 4
15147 4
15148 4
15149 4
151410 4
151411 4
151412 4
151413 4
151414 4
151415 4
151416 4
151417 4
151418 4
151419 4
15155 4
15156 4
15157 4
15158 4
15159 4
151510 4
151511 4
151512 4
151513 4
151514 4
151515 3
151516 4
151517 4
151518 4
151519 4
15165 4
15166 4
15167 4
15168 4
15169 4
151610 4
151611 4
151612 4
151613 4
151614 4
151615 4
151616 4
151617 4
151618 4
151619 4
15175 4
15176 4
15177 4
15178 4
15179 4
151710 4
151711 4
151712 4
151713 4
151714 4
151715 4
151716 4
151717 4
151718 4
151719 4
15185 4
15186 4
15187 4
15188 4
15189 4
151810 4
151811 4
151812 4
151813 4
151814 4
151815 4
151816 4
151817 4
151818 4
151819 4
15195 4
15196 4
15197 4
15198 4
15199 4
151910 4
151911 4
151912 4
151913 4
151914 4
151915 4
151916 4
151917 4
151918 4
151919 4
1655 4
1656 4
1657 4
1658 4
1659 4
16510 4
16511 4
16512 4
16513 4
16514 4
16515 4
16516 4
16517 4
16518 4
16519 4
1665 4
1666 4
1667 4
1668 4
1669 4
16610 4
16611 4
16612 4
16613 4
16614 4
16615 4
16616 4
16617 4
16618 4
16619 4
1675 4
1676 4
1677 4
1678 4
1679 4
16710 4
16711 4
16712 4
16713 4
16714 4
16715 4
16716 4
16717 4
16718 4
16719 4
1685 4
1686 4
1687 4
1688 4
1689 4
16810 4
16811 4
16812 4
16813 4
16814 4
16815 4
16816 4
16817 4
16818 4
16819 4
1695 4
1696 4
1697 4
1698 4
1699 4
16910 4
16911 4
16912 4
16913 4
16914 4
16915 4
16916 4
16917 4
16918 4
16919 4
16105 4
16106 4
16107 4
16108 4
16109 4
161010 4
161011 4
161012 4
161013 4
161014 4
161015 4
161016 4
161017 4
161018 4
161019 4
16115 4
16116 4
16117 4
16118 4
16119 4
161110 4
161111 4
161112 4
161113 4
161114 4
161115 4
161116 4
161117 4
161118 4
161119 4
16125 4
16126 4
16127 4
16128 4
16129 4
161210 4
161211 4
161212 4
161213 4
161214 4
161215 4
161216 4
161217 4
161218 4
161219 4
16135 4
16136 4
16137 4
16138 4
16139 4
161310 4
161311 4
161312 4
161313 4
161314 4
161315 4
161316 4
161317 4
161318 4
161319 4
16145 4
16146 4
16147 4
16148 4
16149 4
161410 4
161411 4
161412 4
161413 4
161414 4
161415 4
161416 4
161417 4
161418 4
161419 4
16155 4
16156 4
16157 4
16158 4
16159 4
161510 4
161511 4
161512 4
161513 4
161514 4
161515 4
161516 4
161517 4
161518 4
161519 4
16165 4
16166 4
16167 4
16168 4
16169 4
161610 4
161611 4
161612 4
161613 4
161614 4
161615 4
161616 3
161617 4
161618 4
161619 4
16175 4
16176 4
16177 4
16178 4
16179 4
161710 4
161711 4
161712 4
161713 4
161714 4
161715 4
161716 4
161717 4
161718 4
161719 4
16185 4
16186 4
16187 4
16188 4
16189 4
161810 4
161811 4
161812 4
161813 4
161814 4
161815 4
161816 4
161817 4
161818 4
161819 4
16195 4
16196 4
16197 4
16198 4
16199 4
161910 4
161911 4
161912 4
161913 4
161914 4
161915 4
161916 4
161917 4
161918 4
161919 4
1755 4
1756 4
1757 4
1758 4
1759 4
17510 4
17511 4
17512 4
17513 4
17514 4
17515 4
17516 4
17517 4
17518 4
17519 4
1765 4
1766 4
1767 4
1768 4
1769 4
17610 4
17611 4
17612 4
17613 4
17614 4
17615 4
17616 4
17617 4
17618 4
17619 4
1775 4
1776 4
1777 4
1778 4
1779 4
17710 4
17711 4
17712 4
17713 4
17714 4
17715 4
17716 4
17717 4
17718 4
17719 4
1785 4
1786 4
1787 4
1788 4
1789 4
17810 4
17811 4
17812 4
17813 4
17814 4
17815 4
17816 4
17817 4
17818 4
17819 4
1795 4
1796 4
1797 4
1798 4
1799 4
17910 4
17911 4
17912 4
17913 4
17914 4
17915 4
17916 4
17917 4
17918 4
17919 4
17105 4
17106 4
17107 4
17108 4
17109 4
171010 4
171011 4
171012 4
171013 4
171014 4
171015 4
171016 4
171017 4
171018 4
171019 4
17115 4
17116 4
17117 4
17118 4
17119 4
171110 4
171111 4
171112 4
171113 4
171114 4
171115 4
171116 4
171117 4
171118 4
171119 4
17125 4
17126 4
17127 4
17128 4
17129 4
171210 4
171211 4
171212 4
171213 4
171214 4
171215 4
171216 4
171217 4
171218 4
171219 4
17135 4
17136 4
17137 4
17138 4
17139 4
171310 4
171311 4
171312 4
171313 4
171314 4
171315 4
171316 4
171317 4
171318 4
171319 4
17145 4
17146 4
17147 4
17148 4
17149 4
171410 4
171411 4
171412 4
171413 4
171414 4
171415 4
171416 4
171417 4
171418 4
171419 4
17155 4
17156 4
17157 4
17158 4
17159 4
171510 4
171511 4
171512 4
171513 4
171514 4
171515 4
171516 4
171517 4
171518 4
171519 4
17165 4
17166 4
17167 4
17168 4
17169 4
171610 4
171611 4
171612 4
171613 4
171614 4
171615 4
171616 4
171617 4
171618 4
171619 4
17175 4
17176 4
17177 4
17178 4
17179 4
171710 4
171711 4
171712 4
171713 4
171714 4
171715 4
171716 4
171717 3
171718 4
171719 4
17185 4
17186 4
17187 4
17188 4
17189 4
171810 4
171811 4
171812 4
171813 4
171814 4
171815 4
171816 4
171817 4
171818 4
171819 4
17195 4
17196 4
17197 4
17198 4
17199 4
171910 4
171911 4
171912 4
171913 4
171914 4
171915 4
171916 4
171917 4
171918 4
171919 4
1855 4
1856 4
1857 4
1858 4
1859 4
18510 4
18511 4
18512 4
18513 4
18514 4
18515 4
18516 4
18517 4
18518 4
18519 4
1865 4
1866 4
1867 4
1868 4
1869 4
18610 4
18611 4
18612 4
18613 4
18614 4
18615 4
18616 4
18617 4
18618 4
18619 4
1875 4
1876 4
1877 4
1878 4
1879 4
18710 4
18711 4
18712 4
18713 4
18714 4
18715 4
18716 4
18717 4
18718 4
18719 4
1885 4
1886 4
1887 4
1888 4
1889 4
18810 4
18811 4
18812 4
18813 4
18814 4
18815 4
18816 4
18817 4
18818 4
18819 4
1895 4
1896 4
1897 4
1898 4
1899 4
18910 4
18911 4
18912 4
18913 4
18914 4
18915 4
18916 4
18917 4
18918 4
18919 4
18105 4
18106 4
18107 4
18108 4
18109 4
181010 4
181011 4
181012 4
181013 4
181014 4
181015 4
181016 4
181017 4
181018 4
181019 4
18115 4
18116 4
18117 4
18118 4
18119 4
181110 4
181111 4
181112 4
181113 4
181114 4
181115 4
181116 4
181117 4
181118 4
181119 4
18125 4
18126 4
18127 4
18128 4
18129 4
181210 4
181211 4
181212 4
181213 4
181214 4
181215 4
181216 4
181217 4
181218 4
181219 4
18135 4
18136 4
18137 4
18138 4
18139 4
181310 4
181311 4
181312 4
181313 4
181314 4
181315 4
181316 4
181317 4
181318 4
181319 4
18145 4
18146 4
18147 4
18148 4
18149 4
181410 4
181411 4
181412 4
181413 4
181414 4
181415 4
181416 4
181417 4
181418 4
181419 4
18155 4
18156 4
18157 4
18158 4
18159 4
181510 4
181511 4
181512 4
181513 4
181514 4
181515 4
181516 4
181517 4
181518 4
181519 4
18165 4
18166 4
18167 4
18168 4
18169 4
181610 4
181611 4
181612 4
181613 4
181614 4
181615 4
181616 4
181617 4
181618 4
181619 4
18175 4
18176 4
18177 4
18178 4
18179 4
181710 4
181711 4
181712 4
181713 4
181714 4
181715 4
181716 4
181717 4
181718 4
181719 4
18185 4
18186 4
18187 4
18188 4
18189 4
181810 4
181811 4
181812 4
181813 4
181814 4
181815 4
181816 4
181817 4
181818 3
181819 4
18195 4
18196 4
18197 4
18198 4
18199 4
181910 4
181911 4
181912 4
181913 4
181914 4
181915 4
181916 4
181917 4
181918 4
181919 4
1955 4
1956 4
1957 4
1958 4
1959 4
19510 4
19511 4
19512 4
19513 4
19514 4
19515 4
19516 4
19517 4
19518 4
19519 4
1965 4
1966 4
1967 4
1968 4
1969 4
19610 4
19611 4
19612 4
19613 4
19614 4
19615 4
19616 4
19617 4
19618 4
19619 4
1975 4
1976 4
1977 4
1978 4
1979 4
19710 4
19711 4
19712 4
19713 4
19714 4
19715 4
19716 4
19717 4
19718 4
19719 4
1985 4
1986 4
1987 4
1988 4
1989 4
19810 4
19811 4
19812 4
19813 4
19814 4
19815 4
19816 4
19817 4
19818 4
19819 4
1995 4
1996 4
1997 4
1998 4
1999 4
19910 4
19911 4
19912 4
19913 4
19914 4
19915 4
19916 4
19917 4
19918 4
19919 4
19105 4
19106 4
19107 4
19108 4
19109 4
191010 4
191011 4
191012 4
191013 4
191014 4
191015 4
191016 4
191017 4
191018 4
191019 4
19115 4
19116 4
19117 4
19118 4
19119 4
191110 4
191111 4
191112 4
191113 4
191114 4
191115 4
191116 4
191117 4
191118 4
191119 4
19125 4
19126 4
19127 4
19128 4
19129 4
191210 4
191211 4
191212 4
191213 4
191214 4
191215 4
191216 4
191217 4
191218 4
191219 4
19135 4
19136 4
19137 4
19138 4
19139 4
191310 4
191311 4
191312 4
191313 4
191314 4
191315 4
191316 4
191317 4
191318 4
191319 4
19145 4
19146 4
19147 4
19148 4
19149 4
191410 4
191411 4
191412 4
191413 4
191414 4
191415 4
191416 4
191417 4
191418 4
191419 4
19155 4
19156 4
19157 4
19158 4
19159 4
191510 4
191511 4
191512 4
191513 4
191514 4
191515 4
191516 4
191517 4
191518 4
191519 4
19165 4
19166 4
19167 4
19168 4
19169 4
191610 4
191611 4
191612 4
191613 4
191614 4
191615 4
191616 4
191617 4
191618 4
191619 4
19175 4
19176 4
19177 4
19178 4
19179 4
191710 4
191711 4
191712 4
191713 4
191714 4
191715 4
191716 4
191717 4
191718 4
191719 4
19185 4
19186 4
19187 4
19188 4
19189 4
191810 4
191811 4
191812 4
191813 4
191814 4
191815 4
191816 4
191817 4
191818 4
191819 4
19195 4
19196 4
19197 4
19198 4
19199 4
191910 4
191911 4
191912 4
191913 4
191914 4
191915 4
191916 4
191917 4
191918 4
191919 3
