0.01 0 100
0.01 0.0001 92
0.01 0.0002 96
0.01 0.0005 100
0.01 0.001 100
0.01 0.002 100
0.01 0.005 100
0.01 0.01 100
0.01 0.02 100
0.01 0.05 100
0.01 0.1 100
0.01 0.12 100
0.01 0.15 100
0.01 0.2 100
0.01 0.22 100
0.01 0.25 100
0.012 0 100
0.012 0.0001 94
0.012 0.0002 95
0.012 0.0005 98
0.012 0.001 100
0.012 0.002 100
0.012 0.005 100
0.012 0.01 100
0.012 0.02 100
0.012 0.05 100
0.012 0.1 100
0.012 0.12 100
0.012 0.15 100
0.012 0.2 100
0.012 0.22 100
0.012 0.25 100
0.015 0 100
0.015 0.0001 94
0.015 0.0002 98
0.015 0.0005 98
0.015 0.001 98
0.015 0.002 100
0.015 0.005 100
0.015 0.01 100
0.015 0.02 100
0.015 0.05 100
0.015 0.1 100
0.015 0.12 100
0.015 0.15 100
0.015 0.2 100
0.015 0.22 100
0.015 0.25 100
0.02 0 100
0.02 0.0001 91
0.02 0.0002 98
0.02 0.0005 100
0.02 0.001 100
0.02 0.002 100
0.02 0.005 100
0.02 0.01 100
0.02 0.02 100
0.02 0.05 100
0.02 0.1 100
0.02 0.12 100
0.02 0.15 100
0.02 0.2 100
0.02 0.22 100
0.02 0.25 100
0.022 0 100
0.022 0.0001 93
0.022 0.0002 94
0.022 0.0005 98
0.022 0.001 100
0.022 0.002 100
0.022 0.005 100
0.022 0.01 100
0.022 0.02 100
0.022 0.05 100
0.022 0.1 100
0.022 0.12 100
0.022 0.15 100
0.022 0.2 100
0.022 0.22 100
0.022 0.25 100
0.025 0 100
0.025 0.0001 90
0.025 0.0002 97
0.025 0.0005 100
0.025 0.001 100
0.025 0.002 100
0.025 0.005 100
0.025 0.01 100
0.025 0.02 100
0.025 0.05 100
0.025 0.1 100
0.025 0.12 100
0.025 0.15 100
0.025 0.2 100
0.025 0.22 100
0.025 0.25 100
0.05 0 100
0.05 0.0001 88
0.05 0.0002 96
0.05 0.0005 98
0.05 0.001 98
0.05 0.002 100
0.05 0.005 100
0.05 0.01 100
0.05 0.02 100
0.05 0.05 100
0.05 0.1 100
0.05 0.12 100
0.05 0.15 100
0.05 0.2 100
0.05 0.22 100
0.05 0.25 100
0.052 0 100
0.052 0.0001 88
0.052 0.0002 96
0.052 0.0005 96
0.052 0.001 99
0.052 0.002 100
0.052 0.005 100
0.052 0.01 100
0.052 0.02 100
0.052 0.05 100
0.052 0.1 100
0.052 0.12 100
0.052 0.15 100
0.052 0.2 100
0.052 0.22 100
0.052 0.25 100
0.055 0 100
0.055 0.0001 94
0.055 0.0002 91
0.055 0.0005 97
0.055 0.001 99
0.055 0.002 100
0.055 0.005 100
0.055 0.01 100
0.055 0.02 100
0.055 0.05 100
0.055 0.1 100
0.055 0.12 100
0.055 0.15 100
0.055 0.2 100
0.055 0.22 100
0.055 0.25 100
0.1 0 100
0.1 0.0001 88
0.1 0.0002 95
0.1 0.0005 100
0.1 0.001 99
0.1 0.002 100
0.1 0.005 100
0.1 0.01 100
0.1 0.02 100
0.1 0.05 100
0.1 0.1 100
0.1 0.12 100
0.1 0.15 100
0.1 0.2 100
0.1 0.22 100
0.1 0.25 100
0.12 0 100
0.12 0.0001 88
0.12 0.0002 91
0.12 0.0005 99
0.12 0.001 100
0.12 0.002 99
0.12 0.005 100
0.12 0.01 100
0.12 0.02 100
0.12 0.05 100
0.12 0.1 100
0.12 0.12 100
0.12 0.15 100
0.12 0.2 100
0.12 0.22 100
0.12 0.25 100
0.15 0 97
0.15 0.0001 83
0.15 0.0002 95
0.15 0.0005 97
0.15 0.001 99
0.15 0.002 99
0.15 0.005 99
0.15 0.01 99
0.15 0.02 99
0.15 0.05 99
0.15 0.1 99
0.15 0.12 100
0.15 0.15 98
0.15 0.2 100
0.15 0.22 100
0.15 0.25 100
0.2 0 83
0.2 0.0001 65
0.2 0.0002 76
0.2 0.0005 86
0.2 0.001 84
0.2 0.002 82
0.2 0.005 87
0.2 0.01 87
0.2 0.02 90
0.2 0.05 86
0.2 0.1 81
0.2 0.12 89
0.2 0.15 92
0.2 0.2 92
0.2 0.22 91
0.2 0.25 93
0.22 0 77
0.3 0 41
0.3 0.0001 36
0.3 0.0002 40
0.3 0.0005 44
0.4 0 41
0.4 0.0001 33
0.4 0.0002 20
0.4 0.0005 29
0.4 0.001 41
0.4 0.002 38
0.4 0.005 37
0.4 0.01 32
0.4 0.02 36
0.4 0.05 33
0.4 0.1 32
0.4 0.12 38
0.4 0.15 40
0.4 0.2 35
0.4 0.22 46
0.4 0.25 51
0.42 0 29
0.42 0.0001 36
