0.05 0 100
0.05 0.0001 89
0.05 0.0002 94
0.05 0.0005 99
0.05 0.001 100
0.05 0.002 100
0.05 0.005 100
0.05 0.01 100
0.05 0.02 100
0.05 0.05 100
0.05 0.1 100
0.05 0.12 100
0.05 0.15 100
0.05 0.2 100
0.05 0.22 100
0.05 0.25 100
0.052 0 100
0.052 0.0001 94
0.052 0.0002 92
0.052 0.0005 97
0.052 0.001 99
0.052 0.002 100
0.052 0.005 100
0.052 0.01 100
0.052 0.02 100
0.052 0.05 100
0.052 0.1 100
0.052 0.12 100
0.052 0.15 100
0.052 0.2 100
0.052 0.22 100
0.052 0.25 100
0.055 0 100
0.055 0.0001 92
0.055 0.0002 98
0.055 0.0005 99
0.055 0.001 100
0.055 0.002 100
0.055 0.005 100
0.055 0.01 100
0.055 0.02 100
0.055 0.05 100
0.055 0.1 100
0.055 0.12 100
0.055 0.15 100
0.055 0.2 100
0.055 0.22 100
0.055 0.25 100
