0.1 0.0001 100
0.1 0.0002 100
0.1 0.0005 100
0.1 0.001 100
0.1 0.002 100
0.1 0.005 100
0.1 0.01 100
0.1 0.02 100
0.1 0.05 100
0.1 0.1 100
0.1 0.12 98
0.1 0.15 95
0.1 0.2 88
0.1 0.22 76
0.1 0.25 61
0.12 0 100
0.12 0.0001 100
0.12 0.0002 100
0.12 0.0005 100
0.12 0.001 100
0.12 0.002 100
0.12 0.005 100
0.12 0.01 100
0.12 0.02 100
0.12 0.05 100
0.12 0.1 98
0.12 0.12 100
0.12 0.15 92
0.12 0.2 82
0.12 0.22 78
0.12 0.25 64
0.15 0 89
0.15 0.0001 89
0.15 0.0002 93
0.15 0.0005 96
0.15 0.001 93
0.15 0.002 92
0.15 0.005 95
0.15 0.01 90
0.15 0.02 92
0.15 0.05 87
0.15 0.1 88
0.15 0.12 92
0.15 0.15 83
0.15 0.2 73
0.15 0.22 72
0.15 0.25 52
0.2 0 47
0.2 0.0001 48
0.2 0.0002 37
0.2 0.0005 52
0.2 0.001 48
0.2 0.002 48
0.2 0.005 40
0.2 0.01 45
0.2 0.02 38
0.2 0.05 42
0.2 0.1 40
0.2 0.12 45
0.2 0.15 39
0.2 0.2 29
0.2 0.22 35
0.2 0.25 32
0.22 0 17
0.22 0.0001 20
0.22 0.0002 27
0.22 0.0005 24
0.22 0.001 25
0.22 0.002 25
0.22 0.005 22
0.22 0.01 27
0.22 0.02 15
0.22 0.05 22
0.22 0.1 18
0.22 0.12 21
0.22 0.15 18
0.22 0.2 16
0.22 0.22 19
0.22 0.25 26
0.25 0 6
0.25 0.0001 10
0.25 0.0002 7
0.25 0.0005 11
0.25 0.001 7
0.25 0.002 4
0.25 0.005 6
0.25 0.01 6
0.25 0.02 8
0.25 0.05 6
0.25 0.1 8
0.25 0.12 6
0.25 0.15 8
0.25 0.2 11
0.25 0.22 9
0.25 0.25 5
0.3 0.0001 2
0.3 0.0002 1
0.3 0.0005 1
0.3 0.001 2
0.3 0.002 0
0.3 0.005 1
0.3 0.01 2
0.3 0.02 2
0.3 0.05 3
0.3 0.1 2
0.3 0.12 2
0.3 0.15 5
0.3 0.2 4
0.3 0.22 3
0.3 0.25 3


