0.1 0 100
0.1 0.0001 100
0.1 0.0002 100
0.1 0.0005 100
0.1 0.001 100
0.1 0.002 100
0.1 0.005 100
0.1 0.01 100
0.1 0.02 99
0.1 0.05 83
0.1 0.1 2
0.12 0 99
0.12 0.0001 98
0.12 0.0002 98
0.12 0.0005 99
0.12 0.001 99
0.12 0.002 99
0.12 0.005 100
0.12 0.01 99
0.12 0.02 100
0.12 0.05 77
0.12 0.1 6
0.15 0 90
0.15 0.0001 91
0.15 0.0002 91
0.15 0.0005 92
0.15 0.001 90
0.15 0.002 93
0.15 0.005 91
0.15 0.01 88
0.15 0.02 91
0.15 0.05 71
0.15 0.1 6
0.2 0 47
0.2 0.0001 45
0.2 0.0002 42
0.2 0.0005 31
0.2 0.001 41
0.2 0.002 41
0.2 0.005 34
0.2 0.01 41
0.2 0.02 37
0.2 0.05 27
0.2 0.1 10
0.22 0 17
0.22 0.0001 24
0.22 0.0002 22
0.22 0.0005 22
0.22 0.001 14
0.22 0.002 21
0.22 0.005 17
0.22 0.01 19
0.22 0.02 21
0.22 0.05 20
0.22 0.1 6
0.25 0 6
0.25 0.0001 10
0.25 0.0002 5
0.25 0.0005 3
0.25 0.001 5
0.25 0.002 3
0.25 0.005 7
0.25 0.01 3
0.25 0.02 5
0.25 0.05 9
0.25 0.1 1
0.3 0.0001 4
0.3 0.0002 1
0.3 0.0005 1
0.3 0.001 4
0.3 0.002 1
0.3 0.005 1
0.3 0.01 3
0.3 0.02 3
0.3 0.05 3
0.3 0.1 4
