0.01 0 100
0.01 0.0001 86
0.01 0.0002 96
0.01 0.0005 99
0.01 0.001 100
0.01 0.002 100
0.01 0.005 100
0.01 0.01 100
0.01 0.02 100
0.01 0.05 100
0.01 0.1 100
0.01 0.12 100
0.01 0.15 100
0.01 0.2 100
0.01 0.22 100
0.01 0.25 100
0.012 0 100
0.012 0.0001 86
0.012 0.0002 91
0.012 0.0005 96
0.012 0.001 100
0.012 0.002 100
0.012 0.005 100
0.012 0.01 100
0.012 0.02 100
0.012 0.05 100
0.012 0.1 100
0.012 0.12 100
0.012 0.15 100
0.012 0.2 100
0.012 0.22 100
0.012 0.25 100
0.015 0 100
0.015 0.0001 85
0.015 0.0002 92
0.015 0.0005 97
0.015 0.001 99
0.015 0.002 100
0.015 0.005 100
0.015 0.01 100
0.015 0.02 100
0.015 0.05 100
0.015 0.1 100
0.015 0.12 100
0.015 0.15 100
0.015 0.2 100
0.015 0.22 100
0.015 0.25 100
0.02 0 100
0.02 0.0001 91
0.02 0.0002 95
0.02 0.0005 97
0.02 0.001 99
0.02 0.002 100
0.02 0.005 100
0.02 0.01 100
0.02 0.02 100
0.02 0.05 100
0.02 0.1 100
0.02 0.12 100
0.02 0.15 100
0.02 0.2 100
0.02 0.22 100
0.02 0.25 100
0.022 0 100
0.022 0.0001 86
0.022 0.0002 91
0.022 0.0005 99
0.022 0.001 100
0.022 0.002 100
0.022 0.005 100
0.022 0.01 100
0.022 0.02 100
0.022 0.05 100
0.022 0.1 100
0.022 0.12 100
0.022 0.15 100
0.022 0.2 100
0.022 0.22 100
0.022 0.25 100
0.025 0 100
0.025 0.0001 82
0.025 0.0002 93
0.025 0.0005 100
0.025 0.001 100
0.025 0.002 100
0.025 0.005 100
0.025 0.01 100
0.025 0.02 100
0.025 0.05 100
0.025 0.1 100
0.025 0.12 100
0.025 0.15 100
0.025 0.2 100
0.025 0.22 100
0.025 0.25 100
0.05 0 100
0.05 0.0001 83
0.05 0.0002 91
0.05 0.0005 100
0.05 0.001 98
0.05 0.002 100
0.05 0.005 100
0.05 0.01 100
0.05 0.02 100
0.05 0.05 100
0.05 0.1 100
0.05 0.12 100
0.05 0.15 100
0.05 0.2 100
0.05 0.22 100
0.05 0.25 100
0.052 0 100
0.052 0.0001 80
0.052 0.0002 94
0.052 0.0005 94
0.052 0.001 98
0.052 0.002 100
0.052 0.005 100
0.052 0.01 100
0.052 0.02 100
0.052 0.05 100
0.052 0.1 100
0.052 0.12 100
0.052 0.15 100
0.052 0.2 100
0.052 0.22 100
0.052 0.25 100
0.055 0 100
0.055 0.0001 84
0.055 0.0002 90
0.055 0.0005 97
0.055 0.001 100
0.055 0.002 100
0.055 0.005 100
0.055 0.01 100
0.055 0.02 100
0.055 0.05 100
0.055 0.1 100
0.055 0.12 100
0.055 0.15 100
0.055 0.2 100
0.055 0.22 100
0.055 0.25 100

0.2 0 71
0.2 0.0001 65
0.2 0.0002 68
0.2 0.0005 79
0.2 0.001 68
0.2 0.002 71
0.2 0.005 73
0.2 0.01 70
0.2 0.02 74
0.2 0.05 75
0.2 0.1 78
0.2 0.12 73
0.2 0.15 78
0.2 0.2 81
0.2 0.22 81
0.2 0.25 86
0.22 0 57
0.22 0.0001 48
0.22 0.0002 55
0.22 0.0005 54
0.22 0.001 48
0.22 0.002 48
0.22 0.005 55
0.22 0.01 51
0.22 0.02 55
0.22 0.05 62
0.22 0.1 68
0.22 0.12 68
0.22 0.15 63
0.22 0.2 71
0.22 0.22 64
0.22 0.25 73
0.25 0 41
0.25 0.0001 36
0.25 0.0002 32
0.25 0.0005 37
0.25 0.001 41
0.25 0.002 37
0.25 0.005 41
0.25 0.01 35
0.25 0.02 36
0.25 0.05 45
0.25 0.1 51
0.25 0.12 41
0.25 0.15 40
0.25 0.2 42
0.25 0.22 55
0.25 0.25 45
0.3 0 36
0.3 0.0001 29
0.3 0.0002 25
0.3 0.0005 24
0.3 0.001 33
0.3 0.002 32
0.3 0.005 38
0.3 0.01 36
0.3 0.02 21
0.3 0.05 31
0.3 0.1 37
0.3 0.12 33
0.3 0.15 44
0.3 0.2 37
0.3 0.22 36
0.3 0.25 36
0.32 0 29
0.32 0.0001 25
0.32 0.0002 28
0.32 0.0005 26
0.32 0.001 35
0.32 0.002 31
0.32 0.005 26
0.32 0.01 25
0.32 0.02 22
0.32 0.05 29
0.32 0.1 24
0.32 0.12 37
0.32 0.15 39
0.32 0.2 38
0.32 0.22 34
0.32 0.25 28
0.35 0 30
0.35 0.0001 29
0.35 0.0002 20
0.35 0.0005 21
0.35 0.001 23
0.35 0.002 28
0.35 0.005 33
0.35 0.01 30
0.35 0.02 27
0.35 0.05 28
0.35 0.1 32
0.35 0.12 36
0.35 0.15 35
0.35 0.2 36
0.35 0.22 30
0.35 0.25 35
0.4 0 36
0.4 0.0001 25
0.4 0.0002 28
0.4 0.0005 24
