0.15 0 100
0.15 0.0001 100
0.15 0.0002 100
0.15 0.0005 100
0.15 0.001 100
0.15 0.002 100
0.15 0.005 100
0.15 0.01 100
0.15 0.02 100
0.15 0.05 100
0.15 0.1 100
0.15 0.12 100
0.15 0.15 100
0.15 0.2 100
0.15 0.22 100
0.15 0.25 100
0.2 0 98
0.2 0.0001 100
0.2 0.0002 98
0.2 0.0005 97
0.2 0.001 99
0.2 0.002 98
0.2 0.005 99
0.2 0.01 98
0.2 0.02 100
0.2 0.05 97
0.2 0.1 99
0.2 0.12 99
0.2 0.15 99
0.2 0.2 99
0.2 0.22 100
0.2 0.25 97
0.25 0 87
0.25 0.0001 85
0.25 0.0002 86
0.25 0.0005 92
0.25 0.001 86
0.25 0.002 87
0.25 0.005 89
0.25 0.01 87
0.25 0.02 81
0.25 0.05 85
0.25 0.1 88
0.25 0.12 86
0.25 0.15 86
0.3 0 61
0.3 0.0001 66
0.3 0.0002 53
0.3 0.0005 56
0.3 0.001 64
0.3 0.002 60
0.3 0.005 55
0.3 0.01 58
0.3 0.02 64
0.3 0.05 66
0.3 0.1 50
0.3 0.12 54
0.3 0.15 63
0.3 0.2 74
0.3 0.22 67
0.3 0.25 59
0.32 0 56
0.32 0.0001 54
0.32 0.0002 48
0.32 0.0005 49
0.32 0.001 57
0.32 0.002 50
0.32 0.005 57
0.32 0.01 59
0.32 0.02 52
0.32 0.05 53
0.32 0.1 51
0.32 0.12 63
0.32 0.15 55
0.32 0.2 56
0.32 0.22 46
0.32 0.25 50
0.35 0 44
0.35 0.0001 40
0.35 0.0002 50
0.35 0.0005 40
0.35 0.001 45
0.35 0.002 43
0.35 0.005 36
0.35 0.01 37
0.35 0.02 47
0.35 0.05 34
0.35 0.1 47
0.35 0.12 41
0.35 0.15 38
0.35 0.2 41
0.35 0.22 47
0.35 0.25 34
0.4 0 28
0.4 0.0001 31
0.4 0.0002 32
0.4 0.0005 30
0.4 0.001 29
0.4 0.002 32
0.4 0.005 27
0.4 0.01 33
0.4 0.02 31
0.4 0.05 33
0.4 0.1 25
0.4 0.12 29
0.4 0.15 29
0.4 0.2 29
0.4 0.22 25
0.4 0.25 37
0.42 0 31
0.42 0.0001 20
0.42 0.0002 30
0.42 0.0005 31
0.42 0.001 29
0.42 0.002 32
0.42 0.005 23
0.42 0.01 38
0.42 0.02 27
0.42 0.05 27
0.42 0.1 23
0.42 0.12 40
0.42 0.15 40
0.42 0.2 34
0.42 0.22 33
0.42 0.25 28
0.45 0 30
0.45 0.0001 23
0.45 0.0002 25
0.45 0.0005 27
0.45 0.001 31
0.45 0.002 36
0.45 0.005 20
0.45 0.01 30
0.45 0.02 28
0.45 0.05 40
0.5 0 32
0.5 0.0001 30
0.5 0.0002 45
0.5 0.0005 32
0.5 0.001 29
0.5 0.002 26
0.5 0.005 30
0.5 0.01 22
0.5 0.02 30
0.5 0.05 41
0.5 0.1 27
0.5 0.12 32
0.5 0.15 25
0.5 0.2 25
0.5 0.22 30
0.5 0.25 27
