1,1,14 10
1,2,13 10
1,3,12 10
1,4,11 10
1,5,10 10
1,6,9 10
1,7,8 10
1,8,7 10
1,9,6 10
1,10,5 10
1,11,4 10
1,12,3 10
1,13,2 10
1,14,1 10
2,1,13 10
2,2,12 10
2,3,11 10
2,4,10 10
2,5,9 10
2,6,8 10
2,7,7 10
2,8,6 10
2,9,5 10
2,10,4 10
2,11,3 10
2,12,2 10
2,13,1 10
3,1,12 10
3,2,11 10
3,3,10 10
3,4,9 10
3,5,8 10
3,6,7 10
3,7,6 10
3,8,5 10
3,9,4 10
3,10,3 10
3,11,2 10
3,12,1 10
4,1,11 10
4,2,10 10
4,3,9 10
4,4,8 10
4,5,7 10
4,6,6 10
4,7,5 10
4,8,4 10
4,9,3 10
4,10,2 10
4,11,1 10
5,1,10 10
5,2,9 10
5,3,8 10
5,4,7 10
5,5,6 10
5,6,5 10
5,7,4 10
5,8,3 10
5,9,2 10
5,10,1 10
6,1,9 10
6,2,8 10
6,3,7 10
6,4,6 10
6,5,5 10
6,6,4 10
6,7,3 10
6,8,2 10
6,9,1 10
7,1,8 10
7,2,7 10
7,3,6 10
7,4,5 10
7,5,4 10
7,6,3 10
7,7,2 10
7,8,1 10
8,1,7 10
8,2,6 10
8,3,5 10
8,4,4 10
8,5,3 10
8,6,2 10
8,7,1 10
9,1,6 10
9,2,5 10
9,3,4 10
9,4,3 10
9,5,2 10
9,6,1 10
10,1,5 10
10,2,4 10
10,3,3 10
10,4,2 10
10,5,1 10
11,1,4 10
11,2,3 10
11,3,2 10
11,4,1 10
12,1,3 10
12,2,2 10
12,3,1 10
13,1,2 10
13,2,1 10
14,1,1 10
